-273 -428
-889 -242
-890 -241
-891 -241
-892 -241
-893 -241
-894 -241
-897 -241
-898 -241
-899 -241
-901 -241
-902 -241
-904 -240
-906 -240
-907 -240
-909 -239
-910 -238
-911 -238
-912 -238
-913 -237
-914 -236
-915 -235
-916 -235
-917 -235
-919 -234
-921 -233
-922 -232
-923 -232
-924 -231
-926 -231
-927 -231
-929 -230
-931 -230
-933 -229
-934 -228
-935 -227
-936 -226
-937 -225
-938 -224
-939 -223
-939 -221
-940 -219
-941 -217
-942 -216
-943 -214
-943 -213
-944 -211
-944 -209
-944 -208
-945 -207
-945 -206
-945 -204
-945 -203
-945 -202
-945 -201
-945 -199
-945 -198
-945 -197
-945 -194
-945 -193
-945 -191
-945 -189
-945 -187
-945 -186
-945 -184
-945 -183
-945 -182
-945 -181
-944 -180
-944 -178
-942 -176
-941 -175
-940 -173
-939 -172
-938 -171
-937 -171
-936 -170
-934 -168
-932 -168
-930 -167
-928 -166
-926 -165
-925 -165
-921 -163
-918 -163
-916 -163
-913 -163
-911 -163
-908 -163
-906 -162
-903 -162
-901 -162
-898 -162
-896 -162
-895 -162
-893 -162
-892 -162
-891 -163
-890 -163
-889 -164
-888 -164
-886 -164
-883 -165
-881 -166
-880 -166
-878 -166
-876 -167
-875 -168
-873 -168
-871 -169
-870 -169
-868 -169
-867 -169
-866 -169
-865 -170
-864 -170
-863 -170
-849 -248
-846 -248
-845 -248
-841 -247
-836 -246
-835 -245
-831 -243
-826 -243
-821 -242
-816 -242
-812 -242
-807 -242
-803 -242
-799 -242
-796 -242
-793 -242
-791 -242
-788 -243
-787 -243
-785 -243
-783 -244
-782 -244
-781 -244
-780 -244
-778 -244
-777 -244
-776 -244
-773 -244
-772 -243
-771 -243
-770 -243
-768 -243
-767 -243
-766 -242
-765 -242
-762 -241
-795 -240
-795 -239
-795 -237
-795 -234
-795 -233
-795 -231
-795 -228
-795 -226
-795 -223
-795 -222
-795 -221
-795 -218
-795 -216
-795 -214
-795 -212
-795 -208
-795 -206
-795 -202
-795 -199
-795 -197
-795 -196
-795 -193
-795 -192
-795 -189
-795 -187
-795 -186
-795 -182
-794 -179
-794 -178
-794 -176
-794 -173
-794 -172
-794 -171
-792 -169
-792 -168
-792 -166
-792 -164
-792 -163
-792 -161
-792 -159
-792 -158
-792 -156
-792 -154
-792 -153
-792 -152
-791 -151
-791 -149
-791 -148
-791 -147
-791 -146
-791 -144
-791 -143
-791 -142
-791 -141
-790 -142
-789 -144
-724 -253
-725 -254
-727 -252
-727 -249
-728 -247
-729 -243
-729 -241
-729 -237
-730 -233
-730 -229
-730 -224
-732 -221
-732 -216
-732 -212
-732 -208
-732 -206
-732 -202
-732 -201
-732 -197
-731 -194
-731 -193
-731 -192
-731 -189
-731 -187
-731 -186
-730 -183
-730 -181
-729 -178
-729 -177
-729 -175
-729 -172
-729 -171
-729 -169
-729 -168
-729 -167
-729 -166
-729 -163
-728 -160
-727 -158
-726 -155
-726 -153
-726 -152
-726 -151
-726 -149
-725 -148
-725 -147
-725 -146
-725 -144
-735 -255
-734 -256
-733 -256
-730 -256
-725 -254
-722 -253
-718 -252
-716 -251
-712 -250
-707 -248
-705 -248
-702 -247
-700 -247
-698 -246
-697 -246
-696 -246
-695 -246
-693 -246
-692 -246
-691 -246
-690 -246
-688 -246
-687 -246
-686 -246
-685 -246
-683 -246
-681 -246
-680 -246
-678 -246
-677 -246
-676 -246
-675 -246
-672 -246
-670 -246
-667 -246
-666 -246
-665 -246
-664 -246
-663 -246
-662 -246
-661 -246
-734 -180
-733 -180
-732 -180
-730 -180
-727 -180
-725 -180
-721 -180
-718 -180
-717 -180
-715 -180
-713 -180
-711 -180
-710 -180
-707 -180
-706 -180
-704 -180
-701 -180
-700 -180
-698 -180
-696 -180
-693 -180
-692 -180
-691 -180
-690 -180
-688 -180
-687 -180
-553 -257
-555 -256
-557 -255
-559 -254
-560 -253
-561 -252
-563 -251
-565 -250
-567 -248
-567 -246
-568 -243
-568 -242
-569 -241
-569 -238
-569 -236
-569 -234
-569 -233
-569 -232
-569 -229
-569 -228
-569 -227
-569 -226
-569 -224
-569 -223
-569 -222
-569 -221
-569 -219
-569 -217
-569 -216
-569 -213
-569 -211
-569 -208
-568 -206
-566 -204
-566 -202
-566 -199
-566 -197
-566 -196
-566 -194
-566 -193
-566 -192
-566 -191
-566 -189
-566 -188
-566 -187
-566 -186
-566 -184
-566 -183
-567 -182
-568 -181
-569 -178
-570 -177
-571 -176
-572 -174
-573 -173
-576 -173
-577 -172
-578 -172
-579 -172
-581 -172
-582 -172
-583 -172
-582 -171
-581 -171
-580 -170
-580 -169
-579 -168
-578 -167
-577 -166
-576 -165
-575 -164
-575 -163
-575 -162
-574 -161
-573 -158
-572 -157
-571 -156
-571 -154
-571 -153
-571 -151
-571 -149
-571 -147
-570 -145
-570 -144
-570 -142
-570 -141
-570 -139
-570 -138
-570 -137
-570 -136
-570 -134
-570 -132
-570 -131
-570 -129
-570 -127
-570 -126
-570 -124
-570 -123
-570 -122
-570 -121
-570 -119
-570 -118
-570 -117
-570 -116
-570 -114
-570 -113
-569 -112
-567 -111
-566 -111
-565 -111
-563 -111
-560 -111
-558 -111
-556 -111
-555 -111
-552 -111
-551 -111
-550 -111
-548 -111
-547 -111
-546 -111
-544 -113
-543 -114
-542 -115
-541 -116
-540 -118
-539 -120
-538 -120
-537 -121
-536 -122
-535 -123
-534 -124
-532 -125
-531 -126
-529 -127
-528 -128
-461 -242
-461 -241
-461 -238
-461 -237
-461 -234
-461 -233
-461 -231
-461 -227
-461 -224
-461 -221
-461 -217
-461 -214
-461 -209
-460 -206
-460 -202
-460 -197
-460 -194
-459 -192
-459 -190
-457 -187
-457 -184
-457 -182
-457 -179
-457 -178
-457 -176
-457 -173
-457 -171
-457 -169
-457 -167
-456 -166
-455 -162
-455 -159
-455 -157
-454 -154
-454 -153
-454 -151
-454 -149
-454 -148
-454 -146
-454 -143
-454 -141
-455 -137
-455 -136
-457 -132
-457 -131
-458 -128
-458 -127
-459 -125
-459 -124
-459 -123
-459 -122
-460 -121
-461 -121
-462 -120
-462 -119
-462 -118
-462 -119
-464 -123
-465 -124
-465 -125
-467 -129
-499 -174
-498 -174
-497 -174
-496 -174
-495 -174
-493 -174
-492 -174
-489 -175
-487 -175
-485 -175
-482 -175
-480 -176
-476 -176
-475 -176
-473 -176
-472 -176
-470 -177
-469 -178
-467 -178
-466 -178
-464 -179
-462 -179
-461 -179
-458 -179
-456 -179
-453 -179
-451 -179
-448 -179
-446 -179
-445 -179
-442 -179
-441 -179
-438 -179
-436 -180
-435 -180
-432 -180
-431 -180
-428 -180
-427 -180
-426 -180
-425 -180
-423 -180
-422 -180
-421 -180
-420 -180
-401 -249
-401 -248
-401 -247
-401 -244
-401 -242
-402 -239
-402 -236
-403 -233
-403 -230
-403 -226
-403 -223
-403 -221
-404 -218
-405 -213
-405 -212
-405 -209
-406 -206
-407 -204
-407 -201
-408 -198
-408 -196
-408 -194
-408 -193
-408 -192
-408 -189
-409 -186
-409 -182
-409 -179
-409 -176
-409 -172
-410 -168
-410 -167
-410 -164
-412 -162
-413 -160
-413 -159
-413 -157
-413 -156
-414 -152
-414 -151
-414 -149
-414 -148
-414 -147
-414 -146
-414 -143
-414 -139
-415 -136
-415 -133
-415 -129
-415 -128
-416 -126
-417 -125
-417 -127
-417 -128
-417 -129
-417 -130
-417 -133
-417 -181
-416 -181
-415 -181
-412 -181
-411 -181
-407 -181
-405 -181
-401 -180
-396 -178
-395 -178
-391 -178
-387 -178
-386 -178
-385 -178
-382 -178
-381 -178
-378 -178
-376 -178
-375 -178
-373 -178
-372 -178
-371 -178
-370 -178
-368 -178
-367 -178
-366 -178
-365 -178
-363 -178
-362 -178
-361 -178
-360 -178
-358 -178
-357 -178
-356 -179
-355 -179
-353 -179
-352 -179
-351 -179
-350 -179
-347 -179
-369 -234
-369 -233
-370 -230
-370 -226
-372 -223
-373 -219
-374 -216
-374 -213
-375 -208
-377 -204
-377 -201
-378 -197
-378 -194
-378 -191
-378 -187
-380 -184
-380 -182
-380 -179
-380 -176
-380 -173
-380 -171
-380 -167
-380 -164
-380 -162
-380 -161
-380 -158
-380 -157
-380 -156
-380 -154
-380 -153
-380 -152
-380 -150
-380 -149
-380 -148
-380 -147
-380 -146
-380 -144
-380 -143
-380 -142
-380 -141
-380 -139
-380 -138
-380 -137
-379 -136
-379 -134
-271 -241
-272 -241
-273 -241
-274 -241
-276 -241
-277 -241
-279 -241
-281 -241
-283 -241
-284 -241
-288 -240
-291 -238
-293 -237
-298 -235
-300 -233
-303 -231
-306 -228
-309 -226
-310 -224
-313 -221
-315 -218
-317 -217
-318 -216
-319 -213
-320 -212
-322 -209
-323 -207
-324 -204
-325 -201
-327 -196
-327 -193
-328 -190
-328 -188
-329 -183
-329 -182
-330 -179
-330 -177
-330 -176
-332 -173
-332 -171
-332 -168
-333 -166
-333 -163
-333 -161
-333 -158
-334 -154
-334 -152
-334 -149
-334 -148
-334 -146
-334 -143
-334 -141
-334 -138
-334 -136
-334 -134
-333 -132
-332 -131
-330 -130
-328 -130
-326 -130
-325 -130
-324 -129
-322 -128
-320 -128
-317 -128
-315 -128
-312 -127
-308 -127
-305 -127
-302 -127
-301 -127
-300 -127
-298 -127
-297 -127
-295 -128
-293 -129
-291 -130
-289 -131
-286 -132
-285 -133
-283 -133
-282 -134
-280 -135
-278 -135
-277 -136
-328 -174
-324 -173
-323 -173
-320 -173
-318 -173
-315 -172
-313 -172
-312 -172
-310 -171
-309 -171
-307 -171
-306 -171
-304 -171
-302 -171
-299 -170
-298 -170
-297 -170
-296 -170
-295 -170
-293 -170
-292 -170
-291 -170
-290 -169
-289 -168
-248 -116
-246 -117
-245 -118
-243 -119
-241 -119
-238 -119
-236 -119
-233 -119
-231 -119
-228 -119
-227 -119
-226 -119
-225 -119
-223 -119
-222 -119
-221 -119
-220 -119
-218 -119
-217 -119
-216 -119
-214 -119
-212 -119
-210 -119
-208 -119
-207 -119
-206 -119
-120 -187
-121 -186
-122 -186
-123 -186
-125 -185
-126 -185
-127 -185
-128 -185
-129 -184
-130 -183
-132 -182
-134 -181
-138 -178
-139 -177
-141 -176
-143 -175
-145 -173
-147 -172
-148 -171
-149 -170
-152 -169
-153 -167
-154 -166
-155 -163
-156 -162
-158 -160
-159 -158
-160 -157
-161 -155
-163 -153
-164 -151
-164 -149
-165 -147
-165 -146
-165 -144
-165 -143
-165 -141
-165 -138
-165 -135
-165 -132
-162 -129
-160 -126
-159 -124
-157 -122
-156 -121
-155 -120
-154 -119
-153 -118
-152 -117
-150 -116
-146 -115
-145 -115
-141 -115
-137 -113
-135 -113
-131 -113
-128 -113
-126 -113
-124 -113
-122 -113
-121 -113
-120 -113
-118 -113
-117 -114
-116 -115
-114 -116
-113 -116
-112 -116
-111 -116
-110 -117
-109 -118
-108 -120
-107 -121
-85 -112
-85 -113
-85 -114
-85 -115
-86 -116
-87 -117
-87 -118
-87 -119
-86 -122
-86 -123
-85 -127
-84 -129
-84 -133
-82 -137
-81 -140
-80 -144
-79 -148
-79 -152
-78 -156
-76 -160
-76 -164
-74 -168
-74 -170
-74 -172
-72 -175
-71 -177
-70 -180
-70 -182
-70 -183
-70 -184
-69 -185
-69 -187
-69 -188
-69 -189
-69 -190
-69 -192
-69 -193
-69 -195
-69 -197
-69 -199
-69 -202
-69 -203
-69 -205
-69 -207
-69 -209
-69 -210
-69 -212
-69 -213
-69 -215
-69 -217
-69 -218
-69 -219
-70 -221
-70 -222
-70 -223
-70 -224
-70 -225
-71 -228
-72 -229
-73 -230
-73 -232
-74 -233
-74 -232
-74 -229
-72 -227
-71 -226
-68 -222
-66 -220
-62 -215
-60 -212
-58 -210
-53 -207
-51 -205
-49 -203
-48 -202
-47 -201
-46 -199
-46 -198
-45 -197
-44 -195
-43 -192
-41 -190
-41 -188
-39 -186
-38 -183
-36 -181
-36 -179
-35 -178
-34 -176
-34 -173
-32 -171
-31 -169
-31 -167
-29 -164
-29 -162
-26 -158
-25 -156
-23 -153
-22 -152
-21 -151
-20 -150
-20 -149
-19 -148
-19 -147
-17 -145
-16 -144
-16 -143
-15 -141
-15 -139
-14 -137
-13 -135
-11 -133
-11 -132
-10 -129
-9 -127
-8 -125
-6 -122
-5 -121
-5 -119
-4 -118
-2 -116
-2 -114
-2 -113
-1 -112
-81 -158
-80 -158
-78 -158
-77 -158
-76 -158
-73 -158
-72 -158
-69 -159
-67 -159
-64 -159
-62 -159
-60 -159
-57 -159
-56 -159
-53 -159
-52 -159
-51 -159
-48 -159
-46 -159
-45 -159
-43 -159
-42 -159
-41 -159
-38 -159
-37 -159
-36 -159
-35 -159
-33 -159
-32 -159
-18 -231
-17 -231
-16 -231
-13 -231
-11 -230
-9 -230
-6 -229
-5 -228
-3 -227
-1 -227
0 -227
5 -226
7 -226
10 -225
15 -225
18 -223
22 -223
23 -223
24 -223
25 -223
27 -223
28 -223
29 -223
31 -224
32 -224
33 -224
34 -224
37 -224
38 -224
40 -224
42 -224
43 -225
44 -225
45 -225
48 -226
49 -226
50 -226
52 -226
54 -226
57 -226
59 -226
63 -226
65 -226
68 -226
72 -228
73 -228
74 -228
75 -228
76 -229
24 -227
26 -226
26 -224
26 -223
27 -221
28 -219
29 -218
29 -216
29 -214
29 -212
29 -209
29 -208
29 -206
29 -202
29 -201
29 -198
29 -194
29 -192
29 -189
29 -187
29 -184
29 -182
29 -179
29 -176
29 -174
29 -172
29 -168
29 -167
29 -164
29 -162
29 -159
29 -157
29 -156
29 -154
29 -152
29 -149
29 -148
29 -146
29 -144
29 -142
29 -139
29 -137
29 -133
29 -132
29 -131
29 -129
29 -128
29 -126
29 -124
29 -123
29 -122
29 -121
29 -119
29 -118
29 -117
29 -116
29 -114
29 -112
29 -111
29 -108
29 -107
29 -106
29 -104
29 -103
50 -118
52 -118
54 -118
55 -118
58 -117
59 -117
62 -116
65 -116
69 -115
72 -115
75 -115
77 -115
78 -114
79 -113
80 -113
82 -113
83 -113
84 -113
85 -113
87 -113
89 -113
90 -113
93 -113
94 -113
95 -113
97 -113
98 -113
99 -113
100 -113
102 -113
103 -113
104 -113
105 -113
107 -113
108 -112
109 -112
110 -112
112 -112
-903 -4
-901 -5
-899 -3
-897 -1
-896 1
-896 3
-895 6
-894 8
-894 9
-891 13
-891 16
-890 18
-890 21
-889 23
-889 24
-888 28
-887 29
-886 32
-886 34
-885 37
-884 40
-884 41
-882 44
-881 46
-881 47
-880 48
-880 49
-880 51
-880 52
-880 53
-880 56
-880 57
-879 59
-878 62
-877 63
-877 64
-877 66
-877 67
-902 -35
-903 -35
-904 -34
-904 -33
-904 -32
-904 -31
-904 -29
-904 -28
-902 -26
-900 -25
-898 -25
-897 -25
-896 -25
-895 -25
-893 -25
-892 -25
-890 -26
-889 -27
-889 -28
-889 -29
-890 -30
-891 -30
-892 -30
-893 -30
-894 -30
-896 -31
-897 -31
-898 -31
-899 -31
-901 -31
-902 -31
-903 -31
-904 -31
-906 -31
-907 -31
-775 -66
-776 -66
-777 -66
-779 -66
-781 -66
-782 -65
-783 -65
-786 -63
-787 -62
-788 -62
-790 -61
-791 -60
-794 -59
-797 -57
-799 -56
-802 -56
-805 -53
-807 -52
-809 -50
-813 -48
-815 -46
-817 -45
-820 -43
-821 -42
-823 -39
-824 -38
-824 -37
-824 -36
-824 -34
-824 -33
-824 -32
-824 -29
-824 -28
-824 -26
-824 -23
-824 -21
-822 -18
-821 -16
-819 -12
-817 -10
-816 -8
-814 -4
-812 -2
-811 -1
-810 1
-808 3
-807 4
-806 5
-804 7
-802 9
-800 10
-799 11
-799 12
-797 15
-796 16
-795 17
-794 18
-792 20
-791 22
-790 23
-790 24
-790 26
-790 27
-790 29
-790 31
-790 32
-790 33
-790 34
-790 36
-791 37
-792 38
-794 39
-795 39
-797 39
-798 40
-799 40
-801 40
-802 40
-803 40
-806 40
-809 40
-813 41
-816 42
-818 42
-822 43
-824 43
-827 43
-830 43
-832 43
-834 43
-836 43
-838 43
-839 43
-841 43
-842 43
-843 43
-762 44
-761 44
-758 44
-755 44
-753 44
-750 44
-746 44
-742 44
-738 44
-735 44
-731 44
-728 44
-726 44
-723 44
-721 44
-718 44
-715 42
-712 42
-710 41
-708 41
-706 41
-703 40
-701 40
-698 40
-695 40
-692 40
-687 40
-685 40
-682 40
-680 40
-678 40
-677 40
-675 39
-673 39
-671 39
-670 39
-668 39
-667 39
-666 39
-665 39
-663 39
-661 39
-658 39
-657 39
-656 39
-655 39
-653 39
-652 39
-651 39
-650 39
-648 39
-647 39
-646 39
-645 39
-642 39
-641 39
-640 39
-638 39
-637 39
-635 39
-634 40
-577 -50
-578 -48
-578 -47
-578 -44
-578 -42
-578 -39
-579 -36
-579 -33
-579 -31
-580 -27
-580 -23
-580 -21
-580 -17
-580 -13
-580 -11
-580 -7
-580 -4
-580 -2
-580 -1
-580 2
-580 4
-580 7
-580 9
-580 12
-580 14
-580 17
-580 19
-580 21
-580 22
-580 24
-580 26
-580 28
-580 29
-580 32
-580 33
-581 35
-582 36
-582 37
-582 39
-582 41
-582 42
-582 43
-582 44
-582 43
-582 42
-582 41
-582 38
-605 -8
-604 -9
-603 -9
-601 -9
-597 -9
-593 -9
-591 -10
-587 -10
-585 -10
-582 -10
-580 -10
-578 -10
-576 -10
-572 -10
-568 -10
-565 -10
-560 -10
-556 -10
-552 -10
-550 -10
-548 -10
-547 -10
-546 -10
-545 -10
-543 -10
-542 -10
-541 -10
-540 -10
-538 -10
-491 -57
-491 -56
-491 -53
-491 -51
-491 -47
-491 -46
-491 -42
-491 -40
-491 -38
-491 -35
-491 -33
-491 -31
-491 -28
-491 -24
-491 -22
-491 -19
-491 -16
-491 -13
-491 -11
-491 -7
-491 -3
-491 -1
-491 1
-491 4
-491 7
-491 11
-491 13
-491 16
-491 18
-491 19
-491 21
-491 22
-491 23
-491 24
-491 26
-491 27
-491 28
-491 29
-491 31
-491 32
-491 33
-491 34
-490 36
-490 37
-490 38
-489 40
-489 41
-489 42
-489 43
-489 44
-487 43
-487 41
-487 38
-487 35
-487 32
-487 28
-487 26
-487 22
-487 20
-487 18
-487 17
-487 16
-486 15
-485 14
-484 13
-483 12
-482 11
-481 10
-480 9
-478 9
-477 9
-476 9
-473 7
-472 7
-470 7
-468 6
-467 6
-466 6
-463 6
-462 6
-461 6
-460 6
-458 6
-456 6
-455 7
-452 8
-450 9
-447 10
-446 10
-444 12
-443 13
-442 14
-441 15
-440 16
-440 18
-440 19
-439 20
-439 21
-439 22
-438 24
-437 25
-437 27
-437 28
-437 29
-437 31
-437 32
-437 33
-437 34
-437 36
-437 37
-437 38
-437 39
-437 41
-437 42
-437 43
-438 44
-438 46
-438 47
-438 48
-412 12
-410 12
-406 11
-403 11
-398 10
-395 10
-390 9
-385 9
-381 7
-376 7
-372 6
-368 6
-366 5
-363 4
-360 2
-359 1
-359 0
-358 -1
-357 -2
-356 -4
-356 -5
-355 -8
-355 -9
-355 -10
-355 -12
-355 -14
-355 -15
-355 -17
-355 -18
-355 -19
-355 -20
-356 -21
-357 -21
-359 -22
-361 -24
-364 -24
-367 -25
-369 -25
-373 -25
-377 -26
-379 -26
-382 -26
-384 -26
-386 -26
-387 -26
-389 -26
-390 -26
-391 -26
-392 -26
-394 -25
-395 -24
-397 -22
-398 -21
-399 -18
-399 -16
-400 -13
-403 -8
-403 -7
-404 -4
-405 -2
-407 0
-408 2
-409 4
-410 8
-412 10
-412 11
-412 13
-412 14
-412 17
-412 18
-412 19
-412 21
-412 23
-412 25
-412 27
-412 29
-412 32
-412 34
-412 37
-411 40
-409 43
-408 44
-406 45
-404 47
-403 48
-402 49
-400 50
-397 51
-395 53
-393 53
-390 53
-387 53
-385 53
-382 53
-381 53
-378 53
-376 53
-375 53
-373 53
-371 52
-370 52
-367 51
-366 51
-363 50
-361 50
-360 50
-357 50
-356 50
-353 49
-351 47
-350 46
-349 45
-348 45
-298 41
-297 41
-296 41
-293 41
-291 41
-287 41
-283 41
-280 41
-275 41
-272 41
-268 41
-266 41
-262 41
-261 41
-257 41
-253 41
-248 41
-246 41
-242 41
-238 41
-237 41
-235 41
-233 41
-232 41
-231 41
-228 41
-227 41
-226 41
-223 42
-222 42
-221 42
-220 42
-218 42
-216 41
-215 41
-213 41
-212 41
-211 41
-210 41
-208 41
-207 41
-206 41
-205 41
-203 41
-202 41
-201 41
-200 41
-198 41
-197 41
-196 41
-193 41
-192 41
-762 135
-763 134
-766 134
-767 134
-768 135
-769 136
-770 137
-771 137
-773 138
-775 139
-777 139
-778 140
-781 140
-783 142
-784 143
-786 144
-787 144
-788 145
-790 146
-792 148
-793 149
-795 150
-795 151
-796 153
-797 154
-798 155
-799 156
-801 159
-802 161
-804 164
-804 167
-807 170
-807 171
-808 172
-809 174
-810 177
-810 178
-810 179
-810 181
-810 182
-810 183
-810 184
-810 186
-809 188
-807 191
-805 193
-804 195
-802 197
-800 199
-799 200
-797 202
-796 203
-795 204
-794 205
-792 206
-791 207
-790 208
-787 209
-786 209
-785 210
-782 210
-781 210
-778 210
-776 210
-775 210
-772 210
-771 210
-769 210
-767 210
-766 210
-765 210
-763 210
-762 210
-761 210
-760 210
-759 210
-758 210
-756 210
-755 210
-751 209
-748 209
-745 207
-743 207
-742 206
-740 206
-738 205
-737 205
-736 204
-716 102
-716 104
-717 107
-718 109
-718 112
-718 113
-719 116
-719 117
-719 118
-719 119
-719 122
-719 123
-719 124
-719 126
-720 127
-720 128
-720 129
-722 131
-722 133
-722 134
-722 136
-723 137
-723 139
-723 141
-723 143
-723 144
-723 146
-723 147
-723 149
-723 151
-723 153
-723 155
-723 157
-723 158
-723 159
-726 162
-727 162
-728 163
-728 164
-727 165
-727 166
-727 167
-726 168
-726 169
-725 170
-724 171
-724 172
-723 173
-722 174
-721 176
-720 178
-720 179
-719 182
-718 184
-717 184
-716 185
-715 186
-714 187
-713 188
-712 188
-710 189
-709 190
-708 190
-705 191
-704 192
-703 193
-702 193
-701 194
-700 194
-697 194
-695 195
-693 195
-692 195
-691 195
-688 195
-687 195
-686 195
-685 195
-683 194
-681 192
-679 191
-677 189
-676 189
-674 188
-673 187
-671 186
-670 185
-667 184
-666 183
-665 182
-664 181
-662 179
-661 178
-660 177
-658 176
-657 175
-656 174
-655 173
-654 171
-653 170
-652 169
-652 168
-652 167
-651 166
-650 162
-650 160
-650 157
-650 156
-650 155
-650 153
-650 152
-650 151
-650 148
-650 147
-650 146
-650 143
-650 141
-650 140
-650 138
-650 137
-650 136
-650 135
-650 133
-650 132
-650 131
-650 130
-650 127
-650 125
-650 123
-650 122
-650 120
-650 118
-650 117
-651 115
-652 113
-652 112
-652 111
-653 110
-653 108
-653 107
-653 106
-653 105
-653 103
-653 102
-654 101
-654 98
-655 97
-655 96
-655 95
-654 94
-609 111
-609 112
-609 113
-609 114
-609 115
-609 116
-609 117
-609 118
-609 119
-609 121
-610 123
-610 124
-610 127
-610 129
-610 132
-610 134
-610 137
-610 139
-610 142
-610 143
-610 146
-611 148
-612 149
-612 151
-612 152
-612 154
-612 156
-613 158
-613 159
-613 161
-615 164
-615 167
-616 168
-617 169
-617 171
-617 172
-618 174
-618 176
-619 178
-620 179
-620 181
-621 182
-622 183
-623 184
-624 186
-625 187
-625 188
-626 190
-628 192
-629 194
-630 195
-630 196
-630 197
-630 198
-632 200
-631 200
-630 200
-628 200
-626 200
-625 200
-622 200
-620 200
-617 200
-615 200
-612 200
-609 202
-607 202
-605 202
-603 202
-602 202
-601 202
-600 202
-598 202
-597 202
-596 202
-595 202
-594 202
-592 202
-591 202
-588 202
-586 203
-585 203
-583 203
-582 203
-538 242
-538 241
-538 238
-538 237
-538 235
-538 232
-538 230
-538 226
-538 222
-538 220
-538 217
-538 213
-538 211
-538 210
-539 207
-539 206
-540 205
-540 203
-540 201
-540 200
-542 198
-542 197
-543 196
-543 195
-543 192
-544 190
-545 188
-545 187
-545 186
-545 185
-545 183
-545 181
-547 178
-547 177
-547 175
-548 173
-548 172
-548 171
-548 170
-549 168
-549 167
-550 165
-550 163
-550 162
-552 160
-551 157
-550 156
-550 155
-548 154
-547 154
-546 154
-543 154
-541 153
-540 152
-538 151
-537 150
-536 150
-534 149
-533 149
-532 149
-531 149
-529 147
-528 147
-527 147
-526 147
-525 146
-523 146
-522 146
-521 146
-520 146
-518 146
-517 146
-516 146
-515 146
-513 146
-512 146
-511 146
-510 146
-508 146
-506 147
-505 148
-505 149
-505 150
-505 151
-504 152
-504 153
-504 154
-504 156
-504 157
-504 158
-504 159
-504 161
-504 162
-504 163
-504 164
-504 166
-504 167
-504 168
-504 169
-505 170
-505 171
-505 172
-506 173
-507 174
-508 177
-509 178
-510 179
-511 179
-512 179
-513 180
-515 182
-516 182
-518 183
-519 183
-522 184
-523 185
-525 187
-526 187
-527 188
-528 188
-529 189
-531 189
-533 189
-534 189
-536 189
-537 189
-538 190
-539 190
-541 190
-542 190
-543 190
-544 190
-546 190
-547 190
-550 192
-472 89
-471 90
-471 91
-471 92
-471 93
-471 94
-471 96
-471 97
-471 99
-471 102
-471 103
-471 107
-471 110
-471 111
-471 114
-471 117
-471 119
-471 123
-471 126
-471 129
-471 132
-471 133
-471 136
-471 138
-471 139
-471 142
-471 144
-471 146
-470 148
-470 152
-470 154
-470 157
-470 159
-470 162
-470 164
-470 167
-470 168
-470 169
-470 171
-470 172
-470 174
-469 177
-468 180
-467 183
-466 187
-464 192
-462 195
-461 197
-461 198
-461 199
-461 201
-461 202
-460 204
-460 206
-460 207
-460 208
-460 209
-462 211
-462 212
-462 213
-462 214
-462 216
-463 217
-463 216
-464 215
-464 213
-480 98
-480 97
-480 96
-480 95
-479 93
-478 91
-477 90
-476 90
-475 90
-473 90
-472 90
-470 89
-466 87
-465 87
-463 87
-462 86
-460 86
-458 86
-457 86
-453 86
-451 85
-447 85
-443 85
-441 84
-440 84
-437 84
-436 84
-435 84
-433 84
-432 84
-431 84
-430 85
-428 87
-427 88
-426 89
-425 90
-424 91
-424 92
-423 93
-421 94
-420 95
-419 96
-418 97
-417 98
-416 99
-415 100
-413 102
-412 103
-411 104
-410 105
-410 106
-409 107
-409 108
-408 110
-407 111
-407 112
-407 113
-408 115
-408 116
-409 117
-410 118
-412 121
-413 122
-413 124
-415 126
-416 128
-418 129
-419 130
-420 131
-421 132
-422 133
-424 134
-426 134
-429 136
-432 138
-434 138
-439 140
-441 140
-444 142
-446 142
-447 142
-449 143
-451 143
-452 143
-453 144
-455 144
-456 144
-457 144
-458 144
-460 144
-461 144
-463 144
-464 144
-466 144
-467 145
-468 145
-469 146
-470 147
-471 147
-473 147
-474 148
-474 149
-474 151
-472 153
-469 155
-467 155
-464 157
-461 159
-460 160
-456 162
-455 163
-452 165
-450 167
-447 169
-445 172
-444 173
-442 175
-441 176
-440 177
-439 178
-438 178
-437 178
-436 179
-434 180
-431 181
-431 182
-429 184
-428 185
-426 187
-425 188
-423 188
-421 189
-420 190
-417 191
-416 192
-415 193
-414 194
-413 194
-412 195
-411 195
-410 196
-409 197
-408 197
-407 197
-406 198
-405 199
-402 200
-401 201
-400 202
-398 203
-397 203
-396 203
-395 203
-393 203
-347 142
-348 142
-350 144
-350 146
-352 148
-352 149
-353 153
-353 154
-353 156
-353 158
-354 161
-354 163
-354 164
-356 168
-357 169
-357 171
-357 172
-357 173
-358 174
-358 176
-359 178
-359 179
-359 181
-359 182
-359 183
-359 184
-359 186
-360 187
-360 188
-360 189
-360 191
-360 192
-360 193
-360 194
-360 196
-360 197
-360 198
-360 199
-360 201
-360 202
-360 203
-360 204
-360 206
-360 207
-360 208
-360 209
-360 208
-360 207
-360 205
-360 202
-360 200
-360 196
-347 115
-346 112
-345 111
-346 111
-347 112
-348 113
-348 114
-348 116
-347 117
-347 118
-347 119
-346 120
-346 121
-345 122
-344 121
-343 120
-342 119
-342 118
-342 117
-342 116
-342 114
-342 113
-342 112
-342 111
-310 86
-308 86
-307 86
-306 86
-305 86
-302 86
-301 86
-300 86
-298 86
-296 86
-293 86
-291 86
-290 86
-287 86
-284 86
-282 86
-280 86
-277 86
-276 86
-275 86
-273 86
-272 86
-271 86
-270 86
-268 86
-267 86
-266 86
-263 86
-261 86
-260 86
-258 86
-257 86
-256 86
-255 87
-253 87
-252 87
-251 87
-250 87
-247 87
-246 87
-245 87
-243 87
-242 87
-240 88
-238 88
-237 89
-236 90
-235 90
-232 90
-230 92
-228 92
-271 89
-272 90
-272 91
-272 92
-273 93
-273 94
-273 96
-273 97
-273 99
-273 102
-273 104
-273 106
-273 108
-273 111
-273 113
-274 115
-274 117
-274 119
-274 122
-275 124
-275 126
-277 128
-278 129
-278 131
-278 132
-278 133
-278 134
-278 137
-278 138
-278 139
-278 141
-279 143
-279 144
-279 146
-280 149
-280 151
-280 153
-280 156
-280 157
-282 160
-284 163
-284 164
-284 167
-285 168
-285 169
-285 171
-287 173
-287 174
-287 176
-287 177
-287 178
-287 179
-287 182
-287 183
-287 184
-287 187
-287 188
-287 189
-287 191
-287 192
-287 193
-288 194
-288 196
-289 197
-289 198
-289 199
-289 201
-289 202
-174 85
-174 83
-173 82
-172 82
-171 82
-170 82
-167 83
-166 83
-163 84
-160 85
-156 85
-155 86
-153 87
-152 87
-151 88
-150 89
-149 90
-149 91
-147 93
-146 94
-146 96
-146 97
-146 98
-146 99
-146 101
-146 102
-146 103
-146 104
-146 106
-146 107
-147 109
-148 111
-149 113
-150 114
-151 114
-153 116
-154 117
-155 118
-156 119
-157 120
-158 121
-159 122
-160 123
-160 124
-161 125
-163 127
-164 128
-165 130
-165 131
-165 132
-165 133
-166 134
-167 135
-167 136
-167 137
-168 138
-168 139
-168 141
-168 142
-168 143
-168 144
-168 146
-168 147
-168 148
-167 149
-166 151
-166 152
-165 153
-164 154
-163 154
-162 154
-161 154
-160 154
-158 154
-157 155
-156 155
-155 155
-153 155
-153 156
-154 157
-155 158
-156 158
-157 158
-158 159
-160 160
-161 160
-162 161
-163 162
-164 163
-165 164
-167 166
-168 168
-169 169
-169 171
-169 172
-170 173
-170 174
-170 176
-172 178
-173 182
-173 183
-173 184
-173 187
-173 188
-174 189
-174 191
-174 192
-174 193
-174 194
-174 196
-174 197
-172 199
-171 200
-171 201
-171 202
-171 203
-171 204
-171 206
-171 207
-171 208
-171 209
-172 210
-173 210
-175 212
-176 212
-177 212
-178 212
-179 212
-181 212
-182 212
-183 212
-184 212
-187 213
-188 213
-191 213
-193 213
-194 213
-196 213
-197 214
-198 214
-67 195
-66 195
-65 195
-63 195
-62 195
-61 195
-60 195
-58 195
-56 194
-55 194
-53 194
-52 194
-51 194
-50 194
-48 194
-47 194
-46 194
-45 194
-43 194
-42 194
-41 194
-40 194
-39 194
-38 194
-37 194
-36 194
-35 194
-33 194
-32 194
-31 194
-30 194
-28 194
-27 194
-26 195
-25 195
-22 196
-21 197
-20 198
-20 201
-19 202
-19 203
-18 204
-17 205
-16 206
-15 207
-15 208
-15 209
-14 210
-13 210
-12 211
-11 212
-11 213
-10 214
-9 215
-8 215
-7 216
-7 217
-7 218
-7 219
-7 221
-7 222
-8 224
-9 227
-10 228
-10 229
-10 231
-10 232
-10 233
-11 234
-12 235
-13 236
-13 237
-14 238
-14 239
-15 240
-16 240
-17 240
-18 241
-19 242
-20 243
-21 244
-22 245
-23 245
-24 245
-26 247
-27 248
-28 248
-30 249
-31 249
-32 249
-33 249
-34 249
-35 250
-36 250
-37 250
-38 250
-39 250
-41 250
-42 250
-43 250
-44 250
-46 250
-47 250
-48 250
-49 250
-51 250
-52 250
-53 250
-54 250
-56 250
-57 250
-58 250
-59 250
-61 250
-62 250
-63 250
-64 249
-66 249
-68 247
-69 246
-70 245
-70 243
-71 242
-72 241
-72 240
-72 238
-73 237
-74 236
-74 235
-74 233
-75 232
-75 231
-75 230
-76 229
-77 228
-78 227
-78 226
-78 225
-78 223
-79 222
-79 221
-80 219
-80 218
-80 217
-80 216
-80 215
-80 213
-80 212
-80 210
-80 208
-80 207
-80 206
-80 205
-79 203
-79 202
-79 201
-79 200
-78 199
-76 197
-75 196
-73 195
-72 195
-71 195
-70 195
-68 195
-67 194
-66 194
-65 194
-63 194
-63 194
-62 193
-62 192
-62 191
-62 190
-62 188
-62 187
-62 186
-62 185
-62 183
-62 182
-62 181
-62 180
-62 179
-62 178
-62 177
-62 176
-62 175
-62 173
-62 172
-62 171
-62 170
-63 169
-63 168
-63 167
-63 166
-63 165
-63 163
-61 164
-60 165
-59 166
-58 167
-57 168
-56 169
-55 170
-55 171
-54 172
-52 174
-51 175
-51 176
-51 177
-50 178
-50 179
-50 181
-49 182
-48 184
-47 185
-46 186
-46 187
-45 189
-44 191
-44 192
-43 193
-42 194
-41 195
-40 196
-39 198
-38 199
-22 200
-23 199
-22 198
-22 197
-21 196
-20 194
-20 193
-20 192
-19 191
-19 190
-18 189
-16 187
-15 186
-15 185
-14 184
-12 183
-12 182
-11 180
-10 179
-9 177
-8 176
-7 175
-6 174
-4 175
-4 176
-4 177
-4 178
-4 179
-4 181
-4 182
-4 183
-4 184
-4 186
-4 187
-4 188
-4 189
-4 191
-4 192
-4 193
-4 194
-4 196
-4 197
-4 198
-4 199
-5 201
-5 202
-6 204
-8 205
-8 206
-9 208
-10 210
-12 212
-64 209
-62 210
-61 210
-60 210
-58 210
-57 210
-56 210
-55 210
-53 210
-52 210
-51 210
-50 210
-48 210
-47 210
-46 211
-46 212
-45 213
-44 214
-33 217
-32 216
-31 216
-30 216
-28 216
-27 216
-26 216
-25 216
-23 216
-22 216
-21 216
-20 217
-19 218
-18 219
-17 220
-38 222
-39 222
-41 222
-42 222
-43 222
-44 222
-46 222
-47 222
-48 223
-49 224
-50 225
-50 226
-50 227
-49 228
-47 230
-47 231
-46 233
-45 233
-43 232
-42 232
-41 232
-40 231
-39 230
-38 230
-37 229
-37 228
-37 227
-38 226
-39 225
-40 224
-41 224
293 -285
